89631139
89631139
89631139
22804410
82301904
64681432
30576089
30576089
38517737
38517737
64202399
66961194
66961194
66961194
79814787
79814787
79814787
08240199
08240199
08240199
71039903
71039903
71039903
55410871
18144506
24094653
24094653
48800175
48800175
21082832
71143015
71143015
96239878
22634473
22634473
56920308
56920308
62089826
62089826
62089826
56532353
43228023
02129638
02129638
11321089
11443677
84815190
40908371
40908371
59822133
50091196
63767246
70369116
50588353
41999284
89631139
46986414
15771991
15771991
15771991
10000090
10000080
10000080
10000080
10000010
10000010
10000000
10000020
71703785
42006475
38033121
79387392
79387392
79387392
07084129
07084129
07084129
88241506
97631303
02314238
81439173
83764718
01784686
01784686
39913299
39913299
39913299
78665705
78665705
78665705
73915051
73915051
69145169
79868386
05253985
05253985
05253985
23020408
23020408
23020408
04059313
91740879
41044418
41044418
41044418
00269012
32247099
26905245
48680970
77432167
42166000
42166000
42166000
75380687
98502113
73452089
50237654
41721210
43892408
40908371
10669138
21887175
65741786
97661969
41999284