#created by wxapp_ygo 
#main
89631139
89631139
89631139
22804410
82301904
64681432
30576089
30576089
38517737
38517737
64202399
66961194
66961194
66961194
79814787
79814787
79814787
08240199
08240199
08240199
71039903
71039903
71039903
55410871
18144506
24094653
24094653
48800175
48800175
21082832
71143015
71143015
96239878
22634473
22634473
56920308
56920308
62089826
62089826
62089826
#extra
56532353
43228023
02129638
02129638
11321089
11443677
84815190
40908371
40908371
59822133
50091196
63767246
70369116
50588353
41999284
!side